start=5.894457
pause=yes
volume=110.000000
