start=36.670565
volume=40.000000
