start=25.582714
volume=80.000000
