start=9.728105
pause=yes
volume=65.000000
