start=25.868102
volume=70.000000
fullscreen=yes
